20.0  1250503.687284  31,275,189,438,217.601265933120
19.0  1242044.854021  29,310,832,968,600.896797500379
18.0  1240510.577707  27,699,596,881,253.187936801282
17.0  1248244.458619  26,487,941,884,041.686857581737
16.0  1258681.290361  25,348,457,451,277.311864165136
15.0  1283307.837452  24,703,185,084,985.932807784560
14.0  1290329.262463  23,309,294,477,956.333571569166
13.0  1293472.811312  21,749,934,876,843.793817097472
12.0  1299131.824260  20,252,921,961,661.386294571200
11.0  1310856.074091  18,901,780,116,793.962096239091
10.0  1330798.548446  17,710,247,765,459.806090149160
 9.0  1371958.413536  16,940,428,996,249.961892209664
 8.0  1528004.675194  18,678,386,299,317.771511501088
 7.0  x

10.0  1330798.548446  17,710,247,765,459.8060901491600
 9.9  
 9.8  
 9.7  
 9.6  
 9.5  1346256.933900  17,217,873,454,701.3752074950000
 9.4  
 9.3  
 9.2  1363587.074419  17,106,201,327,607.6204865255612
 9.1  1365065.104879  16,956,964,939,080.6689534022331  
 9.0  1371958.413536  16,940,428,996,249.9618922096640  V
 8.9  1394160.116836  17,298,773,639,247.9056187929744
 8.8  1399662.889547  17,239,694,598,500.5061924138392
 8.7  
 8.6  
 8.5  1439191.609518  17,605,816,155,709.5967996347540
 8.4  
 8.3  
 8.2  1475873.636701  17,861,264,530,374.0897401398882
 8.1  1514424.294492  18,577,195,644,355.4947264583184
 8.0  1528004.675194  18,678,386,299,317.7715115010880
 
 9.0  1371958 10 5
 6.0  1160000  6 1 